time,x,y,z,phi,theta,psi,x_velocity,y_velocity,z_velocity,phi_velocity,theta_velocity,psi_velocity,rotor_speed1,rotor_speed2,rotor_speed3,rotor_speed4
0.06,-1.116602566964767e-06,5.225651264134698e-07,0.005778209596146307,0.0003993944071316591,0.0007226153862536222,0.0,-8.718957012278146e-05,4.346066723568097e-05,0.19259343924055092,0.017436602368450137,0.029082617560903856,0.0,463.54903774884406,465.8283313061232,465.3331915723044,466.6958237488163
0.12000000000000001,-2.9311004541618795e-05,1.6175126324165145e-05,0.02168780137132672,0.0014320356902484122,0.0023881351666794615,0.0,-0.001038087560195415,0.0005912518251958797,0.33769353525011125,0.016755015554039538,0.024970245915423486,0.0,451.2171536117364,450.885280872924,451.05403241678465,450.99891239518803
0.18,-0.0001467956949652415,8.459795106884803e-05,0.044701044147901804,0.002155242787896583,0.0045053428929326955,0.0,-0.003065638012388003,0.0017787959315058474,0.42938324514576837,0.0004293836854039742,0.05048944831742898,0.0,434.0569564018911,436.19348980433637,434.3424435699437,432.971231678668
0.23999999999999996,-0.00045592313332933174,0.00024390321181591663,0.07719334383423637,0.0019119655876398411,0.00847546776171626,0.0,-0.007672578988599244,0.0035204536332269437,0.6535893573614149,-0.015009520627210452,0.08663109060977006,0.0,473.78105378093755,476.55391814789436,475.23693901255126,474.052330369453
0.3,-0.001082806796986716,0.00048594774389644566,0.11639832579929447,0.0010392202566293918,0.013328203590446286,0.0,-0.01366466022361184,0.004470431803726897,0.6532391767866355,-0.013634031442584047,0.06574969123248463,0.0,405.0483055447617,403.1721369026512,404.3653800406197,404.4893373840935
0.36000000000000004,-0.0022002400385570946,0.0007730635739553021,0.1591037307732744,0.000328037343171772,0.01714807997165302,0.0,-0.023988273436335725,0.005020339101005143,0.7701963259815034,-0.00850993481811116,0.05913153050076344,0.0,443.025513636606,442.484057522072,442.49306890289307,442.91475189051187
0.4200000000000001,-0.004062622955071596,0.0010800157697683271,0.21140617122708538,6.283173058930902,0.020871645243691894,0.0,-0.03851538478597141,0.0051621083998210845,0.973059501734121,-0.0005254434063891042,0.06734986367833248,0.0,468.20978258327153,468.85118580766874,469.2987347243166,469.91809076048594
0.48000000000000015,-0.006801823659087865,0.00138934377978122,0.2719245978120624,6.283081338440764,0.025186834857962914,0.0,-0.05319956618037777,0.005142882733088809,1.0441493032118125,-0.0036148307190755537,0.07976976788892914,0.0,427.42703408383903,428.48822186251516,429.48130193585257,429.2192576634604
0.5400000000000001,-0.01055781214793913,0.0016949636149992786,0.3385281591088536,6.282397965628267,0.030282557993245085,0.0,-0.07252570833262374,0.005005377740836516,1.175828046004839,-0.0353095743140925,0.09363782907368326,0.0,447.95757375303526,449.0895140159085,448.81404203089176,446.2345443919941
0.6000000000000002,-0.01561892873197761,0.001968712206515056,0.41406585123827594,6.280415950491141,0.03583301623745694,0.0,-0.09679698448814475,0.0038910314184554106,1.3418931806670729,-0.02883212171532333,0.09014742950351988,0.0,459.13612727204276,458.86607282173827,458.50436642899314,459.0182395621177
0.6600000000000003,-0.022183625653880528,0.002138643149475425,0.4974584288989814,6.278548325762692,0.041181484659921,0.0,-0.12256758786632219,0.0015918602170873813,1.4377208003453283,-0.0361640542304254,0.0870500680658606,0.0,436.99394950424573,436.742485725353,438.5014510458175,437.8916534950737
0.7200000000000003,-0.03043828501509294,0.0021270300190921387,0.5874143275296988,6.276764924584674,0.04638723479637541,0.0,-0.15313087313143525,-0.002183812315730207,1.560622245526568,-0.019232855283716925,0.08618147830182035,0.0,446.4745344898408,446.40985654966,445.59225273146006,446.9737677429259
0.7800000000000004,-0.0404225502117955,0.001884491322274783,0.6801926725514622,6.275485206036244,0.05176177574159002,0.0,-0.1801184684623938,-0.006001554125194442,1.5320040310708716,-0.025888943346725875,0.09561761120525472,0.0,396.3039499170347,397.1779833612369,397.08068871165966,396.4695898510029
0.8400000000000004,-0.0523360641482894,0.0013572589837731314,0.7753686463819793,6.273657701604044,0.05765998199149536,0.0,-0.21759254259569016,-0.011743711725920591,1.6403412683183685,-0.04167098856494799,0.10319292369891914,0.0,442.332849609712,442.96450247216745,442.393005541552,441.0913394243975
0.9000000000000005,-0.06685429352459599,0.0004047958910422547,0.8809567691071027,6.271317024100195,0.06414337415524596,0.0,-0.2671060240940397,-0.020296787150021388,1.8788456530570654,-0.034162914898191996,0.11633658117827163,0.0,481.0809420413364,482.0842477008023,481.84182481069865,482.40840765271776
0.9600000000000005,-0.08440002259999037,-0.0010969087461012595,0.9992014210451299,6.269136386784634,0.07097691726151378,0.0,-0.318522362596268,-0.02999679373751676,2.0622657239886264,-0.041106786131989564,0.10849658152098218,0.0,466.139144528449,465.53699830304396,467.50448634959395,466.96262072029504
1.0200000000000005,-0.10492994074976504,-0.0031809596581729104,1.1248794562060869,6.26623171930942,0.07721450725065448,0.0,-0.3664197990336027,-0.039722152276559786,2.126825577191234,-0.06994153644486682,0.09285658433977868,0.0,431.18297844863775,429.8694172645952,431.41303437526875,428.9697444926121
1.0800000000000005,-0.12839960730079147,-0.005899621767269658,1.2537375329286191,6.261763914891407,0.08291155334848188,0.0,-0.41642457158943313,-0.051300018216128764,2.168305872345876,-0.08552475415770158,0.09883797760387197,0.0,423.3873824619252,423.9097948311708,423.42596396790134,422.078505781631
1.1400000000000006,-0.15542769000829065,-0.009518881166438677,1.390401372545928,6.257136658156018,0.08875173018978977,0.0,-0.4851809567448441,-0.06990901118568484,2.3866348098121146,-0.06413469410572054,0.0941523319367007,0.0,478.21031397863635,477.86065223242264,477.8328693133031,479.45620063842347
1.2000000000000006,-0.18635931999823319,-0.014253650080048148,1.5361208194949632,6.253134297411725,0.09442216270904602,0.0,-0.5464240711689985,-0.08830032867264888,2.470422764472274,-0.0724175794196636,0.09520716194209017,0.0,438.73096924981496,438.8262443731923,438.3237102970374,437.6314169040497
1.2600000000000007,-0.22116060153686018,-0.02019976985912731,1.6876844688927806,6.248448388323737,0.09985099080813864,0.0,-0.6141782908587128,-0.11035784505104335,2.581361710433878,-0.09297289282765907,0.07878834080138965,0.0,448.0573894958817,446.72728674031805,448.49407843640984,446.81646076145284
1.3200000000000007,-0.26019751662598395,-0.02759247540623482,1.8464624795448228,6.242434335089889,0.10529904905700693,0.0,-0.6875748245847191,-0.13666110203218573,2.7108348045961823,-0.1215436712192967,0.10779920442331384,0.0,452.6334924176308,454.96856748109747,455.36180160862466,453.0615880939145
1.3800000000000008,-0.3041137380458924,-0.03683604515615962,2.0162578152146162,6.235747618879952,0.11248601458162444,0.0,-0.7770838913239905,-0.17227611893696357,2.9482594711134236,-0.09649310068640751,0.13674796733847705,0.0,485.72651496773653,487.9037402827913,486.3895332631004,488.251799907429
1.4400000000000008,-0.35321759202722475,-0.04821889086714931,2.1970453921087416,6.22988247092184,0.1202048462285985,0.0,-0.8605324155902818,-0.20774792932293168,3.0774794787157767,-0.10039611985188243,0.1029489503093793,0.0,457.71476704061547,455.03093809012455,456.5894837882328,456.2700664500589
1.5000000000000009,-0.4077147170530976,-0.061957147533632316,2.3874124159688694,6.223877223975247,0.12666115737353678,0.0,-0.9567085550406138,-0.25085082267827913,3.267380487299682,-0.09947762528371815,0.11558074358434667,0.0,474.96372056707327,475.94078831980704,476.06671319510485,476.12907824141547
1.560000000000001,-0.46779554637748655,-0.0782593096470225,2.586484892429227,6.2182193725836115,0.13346146050166308,0.0,-1.0466547135598534,-0.293119759797282,3.367891311048368,-0.08555875757853125,0.10843218421323295,0.0,451.16382294827486,450.5974718622433,448.65148971705037,449.77266177033226
1.620000000000001,-0.5334382433738558,-0.09722201330348605,2.7917345114381646,6.213099016794059,0.13983404263040455,0.0,-1.1420606305067214,-0.3394665437967729,3.4732542633227794,-0.08490413668236682,0.10135088759224507,0.0,452.10992848643343,451.5486614321463,453.3020821084097,453.34885503662537
1.680000000000001,-0.604578431575634,-0.11889012203873618,3.0007399224279334,6.207586083069405,0.1460446701792888,0.0,-1.2298329150605032,-0.383262567330656,3.493351231351324,-0.11189655701475672,0.10751005831949502,0.0,426.4908202104694,427.02636996528935,426.90122112108656,424.5836385216508
1.740000000000001,-0.6816513191602754,-0.14357481502165656,3.214611893066971,6.200895417690415,0.15228192939462826,0.0,-1.3398915946503611,-0.4402369887951769,3.6350207072310226,-0.1107517625435075,0.09568387997155656,0.0,466.68872453222406,465.77349758839256,464.55836660160475,464.63769630940783
1.8000000000000012,-0.7659299151214508,-0.17207232994386792,3.4399410813938616,6.1947889857199385,0.15753083255744738,0.0,-1.4699647654329255,-0.5103732817004614,3.87487404182123,-0.08810457605572691,0.061159685843008266,0.0,497.09129837102756,494.55988602739,494.9326334872945,496.58865046567684
1.8600000000000012,-0.8570415609391308,-0.2043088087568013,3.6727780035130277,6.189891757255774,0.1613643559861373,0.0,-1.5674317647647584,-0.5646120994226465,3.8861324317456445,-0.0710760178223211,0.0688601988408374,0.0,427.1136878334715,427.77312900848517,427.14438024286324,428.588421549586
1.9200000000000013,-0.9537801668771868,-0.23971316709787774,3.904460973679499,6.185911671574285,0.16530068422239985,0.0,-1.6575565899548574,-0.6158673465068599,3.836630117564306,-0.05823145384074037,0.05814226129867631,0.0,407.9929050338119,407.038332313706,406.8562070481206,408.0009308057513
1.9800000000000013,-1.0561930750059514,-0.27837047581114605,4.134335753460201,6.182595538413697,0.16877681184997773,0.0,-1.7565310286601399,-0.6729940211274403,3.825721663685845,-0.04992146091427812,0.05751879692307841,0.0,421.7849324378413,421.73360091606384,419.36645113852734,420.08544238343075
2.0400000000000014,-1.1642759353363705,-0.3203129501449936,4.3615843452734335,6.179436963456439,0.17187550549032427,0.0,-1.8465518719883485,-0.7253399184631107,3.749331915993609,-0.058730178228810506,0.03606768862387472,0.0,399.5754520416042,397.61682994795507,398.3711810159186,397.56261931929487
2.1000000000000014,-1.2793471651820139,-0.3663654658841136,4.593008308278344,6.176066061712778,0.17395393137303028,0.0,-1.9892996491773223,-0.8100621332630833,3.9638243810264915,-0.05151989868576245,0.031621819031564136,0.0,492.0715296203376,491.74266150403514,490.5197590407099,491.05311052562297
2.1600000000000015,-1.40215828955028,-0.41704161101413856,4.832294407338365,6.173270154427179,0.17592301675577726,0.0,-2.1045849158296397,-0.8793911337264966,4.012015695148411,-0.03823025384736111,0.035108840749641976,0.0,443.39505018804687,443.68187320149207,440.93576205727874,442.0310384291122
2.2200000000000015,-1.5321964069035012,-0.4720908231306269,5.075915272479191,6.170748712494497,0.17794378535825572,0.0,-2.2301946750636747,-0.9557759087028105,4.108116618002167,-0.05095945777306143,0.030656134011020034,0.0,458.32975072380384,457.9761090587988,459.3309763083417,458.3193580811475
2.2800000000000016,-1.6699582608449923,-0.531862439955772,5.326031641453159,6.1683451892034284,0.18000505884763207,0.0,-2.3620214786905223,-1.0368287533680942,4.228410185436177,-0.024220366458146243,0.040879089959868664,0.0,467.0593541204976,467.85647788528746,465.8006482981682,467.8863277617404
2.3400000000000016,-1.8158287538512268,-0.5966329983172081,5.584116671151437,6.1667134637371355,0.18205905069733141,0.0,-2.5005063540299637,-1.1222788019075631,4.373611919235142,-0.033930277328468705,0.015633436339639786,0.0,477.7413637026037,475.81271230884215,475.83590146861246,475.0917818075267
2.4000000000000017,-1.969812448124104,-0.6664130633927906,5.849562411979376,6.165127504186206,0.18273102484370884,0.0,-2.632334014748062,-1.203850910323339,4.4739667737330615,-0.014564588002129678,0.0003973144018405471,0.0,464.66295171718315,463.4667370651999,463.36401553636654,464.88393517337556
2.4600000000000017,-2.1316304211160895,-0.7410548749066436,6.120479584562237,6.1639692959389425,0.1828270316061218,0.0,-2.7615911089093337,-1.2842661288188304,4.556087145450205,-0.031043199007703644,0.00390345908882337,0.0,459.4884006415763,459.7662757787951,460.3853832366477,459.0795565555867
2.520000000000002,-2.300726721469737,-0.8202320470523727,6.393655425344076,6.161706042285736,0.18291210285944004,0.0,-2.8750289801288265,-1.3551496214620513,4.5496261638144375,-0.05645188612707279,-0.004085652062368614,0.0,433.17473207222963,432.50225691229696,432.8972664294673,430.7526796481872
2.580000000000002,-2.4770511351056625,-0.9039763105999155,6.668606413656618,6.1585565348359275,0.182684689247834,0.0,-3.0024362780594296,-1.4366047967945985,4.6149175272522225,-0.0455624849712755,-0.0032057915617464115,0.0,455.7180850934496,455.78849262623066,455.51722742130715,456.3855704666983
2.640000000000002,-2.661305428770636,-0.9928539018448689,6.948917259567506,6.155870207351496,0.1831474756712037,0.0,-3.1393613357367225,-1.5261971127275757,4.728046002227843,-0.04323693974391723,0.023574926430357176,0.0,470.44337004698554,472.5127032328734,471.7960652027542,471.97458551015467
2.700000000000002,-2.853814892014325,-1.0871705074057998,7.236032741172994,6.153525177628536,0.18453847198361117,0.0,-3.277727467005858,-1.6178720657960552,4.841678997356685,-0.031858446555220826,0.02238831499002569,0.0,473.1347850736176,473.0434160144953,473.2278838777747,474.10237728758204
2.760000000000002,-3.0544808129684315,-1.1869037391649204,7.528918823335234,6.15147050515052,0.1863078610168012,0.0,-3.411285203895353,-1.7067112467936831,4.920548785752635,-0.039502604926793944,0.0408504599167434,0.0,463.56437304044226,465.0133069521168,464.6963507809809,464.0962132088925
2.820000000000002,-3.2626979387671406,-1.2916506825339336,7.823784535713107,6.149005064699651,0.18838328569971363,0.0,-3.529557158189463,-1.7850620482553854,4.9080818108032895,-0.04447166824619869,0.017548678110429712,0.0,437.34201649474545,435.3969786803692,436.98656360238436,436.57114421484823
2.880000000000002,-3.478351187869036,-1.4013485733747408,8.11937484186179,6.14609793206059,0.18970498351172882,0.0,-3.659034909689527,-1.8717639131626704,4.944469063067035,-0.05791662932669093,0.02974679297954249,0.0,452.43356549485145,453.41479178106147,453.3455401346998,452.26229164607935
2.940000000000002,-3.701527105069045,-1.5160993013375967,8.415606296736192,6.142778796143476,0.19135647415750334,0.0,-3.7803969880695774,-1.9535532320226687,4.92967649682236,-0.05057470154807575,0.022663558156007065,0.0,437.37599942759965,436.78575801709076,437.2603343853181,437.8695299950623
3.000000000000002,-3.9320240106553057,-1.6358096825047108,8.710869867772372,6.139362621031628,0.19291704110754804,0.0,-3.90305528755948,-2.0370707323572215,4.9122203468742205,-0.07437169015434686,0.031977474387832196,0.0,436.9059557986689,437.68210567641313,437.6087360002578,435.62046184027184
3.0600000000000023,-4.170316400434838,-1.7608811169520042,9.006998961772057,6.135003552630549,0.1948017701655207,0.0,-4.040236088086609,-2.132346715773757,4.958144025191498,-0.06941648247006137,0.030257049570331807,0.0,458.3569266057576,458.22046778605454,457.4100570366297,457.8006500243975
3.1200000000000023,-4.4173369862180625,-1.8920834441031902,9.30803679449068,6.130869283917832,0.19633452959967457,0.0,-4.193923581522797,-2.241396060178383,5.075450396599125,-0.067900152026734,0.013893935729789897,0.0,481.7003332948544,480.46118851481094,481.22426640266553,481.335859530327
3.1800000000000024,-4.673095971050741,-2.0295084787117097,9.613404761616975,6.126576272073136,0.19740392009409646,0.0,-4.331529681108109,-2.339790404019431,5.102966162289577,-0.08008262868556425,0.024706887839800466,0.0,455.0903823751277,455.9551630064323,455.9111807150875,454.9327058979907
3.2400000000000024,-4.936171218390197,-2.17214906726236,9.915508145642104,6.121539843849376,0.1986929147044192,0.0,-4.43798102776121,-2.4153309562247154,4.967483713067316,-0.09305214484077323,0.014098925539164605,0.0,401.74250298541045,400.7793148156283,402.4401699703724,401.25753310646695
3.3000000000000025,-5.206336746459951,-2.319926616203637,10.212671569085785,6.115678733965279,0.19929677312834038,0.0,-4.567736010769264,-2.5110751563997153,4.937708016476775,-0.10908489565347734,0.00044035717911378603,0.0,438.6891165026947,437.55314773256595,437.2717235954299,435.9252488673692
3.3600000000000025,-5.485603784407956,-2.4746169711907595,10.514241254408303,6.109010685863701,0.19887055137093768,0.0,-4.741074507885627,-2.6458444904205094,5.113207750765364,-0.11558035455173887,-0.029825817764655538,0.0,502.5089693053897,500.30986398353804,501.670817340793,501.1894453045198
3.4200000000000026,-5.773873498792901,-2.636326860112783,10.819372306013827,6.102368963597353,0.19708294876371202,0.0,-4.867978440527185,-2.745072879918936,5.057746794518932,-0.10238441865350326,-0.029728584806592833,0.0,432.6372166960118,432.6451039143703,431.527960700814,432.62937249907895
3.4800000000000026,-6.070021649085633,-2.8043325464868696,11.122398206856266,6.097131032818389,0.19500546264176677,0.0,-5.00363326848578,-2.8556142205368573,5.042826185642178,-0.06736439397918526,-0.0468604504044039,0.0,446.3895624187198,444.9884688597369,444.80639664341027,447.6588312947311
3.5400000000000027,-6.373739588960041,-2.9785270864194753,11.42164997323387,6.093330320945638,0.1918760078262034,0.0,-5.1203891621686495,-2.9512896373749675,4.932546618038573,-0.05632574994588265,-0.06570694296727633,0.0,415.3876686776789,413.72911857779513,413.435482958445,414.4038909258731
3.6000000000000028,-6.685324269967851,-3.1593740841586913,11.718650719383394,6.089936130217783,0.18766165357471642,0.0,-5.265555169491133,-3.077264384595523,4.9670422942431305,-0.05706235826828672,-0.0813330478885966,0.0,462.9264000400858,461.6912538354995,460.98965612483687,460.92937691391285
3.660000000000003,-7.004662474082322,-3.346918528442396,12.012914269381572,6.086085491185134,0.18272822129619115,0.0,-5.3790692408839185,-3.1746502384807807,4.842209688422219,-0.08481754195422025,-0.0840666155017146,0.0,410.0236717295365,409.77456874180535,409.92923703045903,407.4509949148649
3.720000000000003,-7.331402003674711,-3.541030799298715,12.302914268709351,6.0813094276557,0.17736848990536913,0.0,-5.512058890545099,-3.296247632546631,4.8243053081290155,-0.07080916899892027,-0.10275493182848525,0.0,445.479105553057,443.9411343677957,444.194096565751,445.3364784373655
3.780000000000003,-7.6658328724346925,-3.7422574167436804,12.59046704487644,6.077543327474999,0.1712504166045834,0.0,-5.635476797952801,-3.4117599120773416,4.760946532661017,-0.05022434689055327,-0.10043972955798083,0.0,430.35727804027454,430.5438640976966,428.4184580679046,430.16238774734194
3.840000000000003,-8.008861651815163,-3.9519598406736622,12.881225824094011,6.074067226572097,0.16511366590250987,0.0,-5.798232584460934,-3.578572565174492,4.929921681806581,-0.08149712630247508,-0.10623480740790599,0.0,502.434082020531,502.0059092780915,503.04873637850153,500.7764598048429
3.900000000000003,-8.360164500284142,-4.1700067727458405,13.173785976944986,6.069484958616634,0.15887825081407403,0.0,-5.911790174241516,-3.6902037011746605,4.822476581926342,-0.06770890296716803,-0.09966454079282026,0.0,416.8850185195978,417.4486707546845,416.02469254885017,417.2254226896763
3.960000000000003,-8.718674575372768,-4.395403026547865,13.462476398436147,6.0651574477602495,0.15287837079800948,0.0,-6.038341651308293,-3.82347403374206,4.800451125494726,-0.0828668347825751,-0.10067285607956787,0.0,444.10636970354045,444.01500782415707,446.28611333641214,445.0427815482133
4.020000000000002,-9.084779390035301,-4.628956270329226,13.750096649801895,6.060115217651084,0.1472768284942445,0.0,-6.164952195960492,-3.9621677736155414,4.786716202329223,-0.08648537308024933,-0.08173082828978047,0.0,446.76181495914864,448.2964464951907,448.20586588478983,447.9058956619338
4.080000000000001,-9.458623943955159,-4.871205577623973,14.038018177465487,6.054609663212656,0.1435798908627577,0.0,-6.29639988293789,-4.113338954142823,4.8101864460415324,-0.10522398972590939,-0.037616919204113045,0.0,458.7362384784695,462.22334445222873,460.6236428997639,459.13207263850506
4.14,-9.839754721714662,-5.121709427082529,14.323272563253159,6.0486183321388545,0.14171886482896578,0.0,-6.408143775584756,-4.237421852840049,4.698452130220782,-0.09084842882069877,-0.020314481062793387,0.0,415.0649847580045,416.5806389632172,416.4916794517865,417.73798478275353
4.199999999999998,-10.228014650719983,-5.380409862104518,14.60446509627905,6.042773450805196,0.14062222515581002,0.0,-6.534006399140039,-4.3864797465336025,4.674242195585307,-0.11566727224315705,-0.014486348696381247,0.0,446.3340011117499,446.80957011209955,445.99638010121805,443.9556928440025
4.259999999999997,-10.623563580766122,-5.647672706828687,14.882089354271868,6.036332554334972,0.14007555436031982,0.0,-6.651210073403386,-4.522940662220885,4.579836456520396,-0.09446781984375478,-8.832120580680187e-05,0.0,422.5979240130496,423.8375944995326,422.1539539712853,423.9686771289866
4.319999999999996,-11.026789668798562,-5.924277638675724,15.158090168162792,6.030330400293774,0.1400595581107611,0.0,-6.789849902635462,-4.697752054283793,4.619314506689195,-0.1145080835755203,-0.0006256098846824946,0.0,467.5435190520612,467.5016536658566,467.86653052343166,466.29495602872373
4.379999999999995,-11.43826378518867,-6.2112905768012565,15.435529229699748,6.023004414434116,0.13992407201576107,0.0,-6.9261661366416964,-4.869986611117059,4.627876439855168,-0.14502124596162785,-0.005741441050931264,0.0,459.66095209202916,459.2553125410302,460.65130477472405,458.2178415196412
4.439999999999993,-11.858157386819757,-6.509142088972479,15.714683181329221,6.015072672079256,0.13913959789966324,0.0,-7.07043433952559,-5.059120280362347,4.676157876411088,-0.11438743084354587,-0.03475492583648226,0.0,474.65789236022846,472.42561007825685,472.62669145018475,474.9668265691822
4.499999999999992,-12.286490155205442,-6.81802433203516,15.994876635626824,6.009121685456396,0.1366135434354634,0.0,-7.207426613756381,-5.237587998161431,4.663043358635995,-0.07914434228725387,-0.06383335014364996,0.0,457.6855188296441,455.3636036801424,454.85136577310055,457.65688137298105
4.559999999999991,-12.722862820525297,-7.137350425184851,16.272813859158823,6.004906201087486,0.1332875119909982,0.0,-7.338428259956067,-5.4071938027953195,4.601377101736486,-0.05669387541061651,-0.04245083210652875,0.0,440.18720955027976,441.95134197440916,441.1085667201464,442.9551195946581
4.6199999999999894,-13.167263738185527,-7.467256082082607,16.548038464076576,6.001576388778286,0.1308974437598449,0.0,-7.475073338316603,-5.590129033850869,4.572397082971932,-0.053205215378357734,-0.03505842722321976,0.0,452.36160917302254,452.95585995084645,452.5978170610954,452.87656396308176
4.679999999999988,-13.619880902306972,-7.808202513677168,16.821344814443957,5.998667668569928,0.129427454245155,0.0,-7.612368626697369,-5.775205442052734,4.537428122100059,-0.04039582312516361,-0.009030485005409322,0.0,450.34750111311524,452.4482483024909,451.2926464698237,452.32421183068345
4.739999999999987,-14.080475485244529,-8.159673045954694,17.09018989502959,5.996377661591714,0.1289944746709848,0.0,-7.7411498093368145,-5.940991376352387,4.424112711719295,-0.03404578237765894,-0.003814623506150916,0.0,426.43787368133496,426.8834195688317,425.4006094501661,425.9433839845643
4.799999999999986,-14.548789460297384,-8.52101095282257,17.35162316583618,5.9942845719731395,0.12903471763115615,0.0,-7.8697319689175265,-6.10414023226966,4.290461073449023,-0.036617660409379596,0.008398902931071532,0.0,417.8150896525371,418.8788630035194,419.7558924229067,419.5319821572426
4.859999999999984,-15.025338318405023,-8.893197259279908,17.608251999808513,5.992047347386867,0.12919312523354076,0.0,-8.015598734592174,-6.302464003244297,4.263260617202771,-0.03866035816978852,-0.01252766176516847,0.0,456.68025335332834,455.0075630258123,453.84544050796205,453.6807976236986
4.919999999999983,-15.51015438948162,-9.276136821296951,17.859040857178893,5.989417975519981,0.12866081538253304,0.0,-8.145381595300602,-6.462829301675238,4.09666907305549,-0.056923687986040104,-0.0024127155833477847,0.0,407.78373438648356,408.68666707071264,409.1076612353806,407.47639318569543
4.979999999999982,-16.003668262777705,-9.67066857471759,18.105944172658628,5.985678873901632,0.12827705736107298,0.0,-8.30537675735783,-6.688665874889031,4.132396777338363,-0.07619733115322012,-0.015872530423761425,0.0,476.39686969122846,475.3664379699608,475.90852587316806,474.42799235693315
5.0399999999999805,-16.506610796422095,-10.078327513848661,18.353088619618145,5.980847619530108,0.1272561578020266,0.0,-8.459684146947788,-6.9005798167820736,4.105038119619075,-0.09098389852933617,-0.019403696185270717,0.0,457.8705185868217,457.5895213497618,458.3353598493769,457.1532399805696
